filename,staged_source_file,style_id,style_name,role,kind,subject,state_eligibility,orientation,tone,width,height,png_bytes,sha256,web_480,web_full,original_png,shown_on
AFTERNOON_PILLS_J10_DAILY_CONSOLE.png,,J10,Daily execution console,stage,individual card,AFTERNOON,"States A, C (B: meal enzyme only)",portrait,dark,941,1672,1862707,4831444e34f5fafb5d1a9434640d68104244e4b36997311be70448ac248419cd,assets/web/mega/AFTERNOON_PILLS_J10_DAILY_CONSOLE--w480.webp,assets/media/vector-artwork/mega/AFTERNOON_PILLS_J10_DAILY_CONSOLE.webp,assets/media/vector-artwork/mega/originals/AFTERNOON_PILLS_J10_DAILY_CONSOLE.png,daily-pill-cards.html
AFTERNOON_PILLS_J13_PILL_GRID.png,,J13,Pill grid illustration,stage,individual card,AFTERNOON,"States A, C (B: meal enzyme only)",portrait,light,941,1672,1728729,f29676ffa07f48f5894d49d81c6451645d4ca95efa19ba3b12e1ed83e61fa7f5,assets/web/mega/AFTERNOON_PILLS_J13_PILL_GRID--w480.webp,assets/media/vector-artwork/mega/AFTERNOON_PILLS_J13_PILL_GRID.webp,assets/media/vector-artwork/mega/originals/AFTERNOON_PILLS_J13_PILL_GRID.png,daily-pill-cards.html
BREAKFAST_PILLS_J10_DAILY_CONSOLE.png,,J10,Daily execution console,stage,individual card,BREAKFAST,"States A, C (B: meal enzyme only)",portrait,dark,941,1672,1736626,ae1c1100c12141c3ba8fd44ffb9242eacfaa1e4c8cfa4939caf7eeffff935267,assets/web/mega/BREAKFAST_PILLS_J10_DAILY_CONSOLE--w480.webp,assets/media/vector-artwork/mega/BREAKFAST_PILLS_J10_DAILY_CONSOLE.webp,assets/media/vector-artwork/mega/originals/BREAKFAST_PILLS_J10_DAILY_CONSOLE.png,daily-pill-cards.html
BREAKFAST_PILLS_J13_PILL_GRID.png,,J13,Pill grid illustration,stage,individual card,BREAKFAST,"States A, C (B: meal enzyme only)",portrait,light,940,1672,1627416,16b20213a711fe828857a9522bfb760bf0cd0f71a8ea968d144161f433072cbd,assets/web/mega/BREAKFAST_PILLS_J13_PILL_GRID--w480.webp,assets/media/vector-artwork/mega/BREAKFAST_PILLS_J13_PILL_GRID.webp,assets/media/vector-artwork/mega/originals/BREAKFAST_PILLS_J13_PILL_GRID.png,daily-pill-cards.html
J03_CLINICAL_ANATOMY_MASTER.png,,J03,Clinical anatomy poster,board,combined board,ALL,All states,portrait,light,1024,1536,1929829,4099ce4cbfabc6f7038b16347af431caa619915c34d67eb04f9ffce54d8ec6ae,assets/web/mega/J03_CLINICAL_ANATOMY_MASTER--w480.webp,assets/media/vector-artwork/mega/J03_CLINICAL_ANATOMY_MASTER.webp,assets/media/vector-artwork/mega/originals/J03_CLINICAL_ANATOMY_MASTER.png,fit-protocol-vectors.html fit-protocol.html
J04_NEON_RECIPE_MATRIX_MASTER.png,,J04,Neon recipe matrix,board,combined board,ALL,All states,landscape,dark,1536,1024,2030757,226140e3dd36d6224b51675f0626c639dd8b18224c6919f580e303c13f264f0e,assets/web/mega/J04_NEON_RECIPE_MATRIX_MASTER--w480.webp,assets/media/vector-artwork/mega/J04_NEON_RECIPE_MATRIX_MASTER.webp,assets/media/vector-artwork/mega/originals/J04_NEON_RECIPE_MATRIX_MASTER.png,fit-protocol-vectors.html fit-protocol.html
J05_CINEMATIC_CONSOLE_MASTER.png,,J05,Cinematic instrument console,board,combined board,ALL,All states,landscape,dark,1536,1024,2094063,6a45070d1eab8780585eca4082ea24a89dd73108220b9b616e90914ceaf718fc,assets/web/mega/J05_CINEMATIC_CONSOLE_MASTER--w480.webp,assets/media/vector-artwork/mega/J05_CINEMATIC_CONSOLE_MASTER.webp,assets/media/vector-artwork/mega/originals/J05_CINEMATIC_CONSOLE_MASTER.png,fit-protocol-vectors.html fit-protocol.html index.html
J06_GYM_SEQUENCE_MASTER.png,,J06,Gym sequence blueprint,board,combined board,ALL,All states,landscape,dark,1672,941,1663850,16b9734115b6f459b4ea36e50c6f57fa7805d18eabb73ec00fe9ddd9e860fd3e,assets/web/mega/J06_GYM_SEQUENCE_MASTER--w480.webp,assets/media/vector-artwork/mega/J06_GYM_SEQUENCE_MASTER.webp,assets/media/vector-artwork/mega/originals/J06_GYM_SEQUENCE_MASTER.png,fit-protocol-fuel.html fit-protocol-vectors.html fit-protocol.html fit-workout.html
J07_MONOCHROME_FLOW_MASTER.png,,J07,Monochrome illustrated flow,board,combined board,ALL,All states,landscape,light,1536,1024,2195439,a5ec25654cdac487032617efc970a1c2eecc91b89d61dc060fd33b06603a7a0e,assets/web/mega/J07_MONOCHROME_FLOW_MASTER--w480.webp,assets/media/vector-artwork/mega/J07_MONOCHROME_FLOW_MASTER.webp,assets/media/vector-artwork/mega/originals/J07_MONOCHROME_FLOW_MASTER.png,fit-protocol-vectors.html fit-protocol.html
J08_VERTICAL_ENGINEERING_MASTER.png,,J08,Vertical engineering schematic,board,combined board,ALL,All states,portrait,light,1024,1536,2098074,9a29ecba2cb9db1915dcf19d3709ced3e3137d5a40f0421690233de4b509967d,assets/web/mega/J08_VERTICAL_ENGINEERING_MASTER--w480.webp,assets/media/vector-artwork/mega/J08_VERTICAL_ENGINEERING_MASTER.webp,assets/media/vector-artwork/mega/originals/J08_VERTICAL_ENGINEERING_MASTER.png,fit-protocol-vectors.html fit-protocol.html
J09_COMBINED_DAILY_PATTERNS_ABC.png,,J09,Circular neon clock,board,combined board,ABC,"States A, B, C",landscape,dark,1697,927,2065456,213e3dc4212c72efc1ae85e3eb8102df5f7245bb732a3894abddbf360b6d5ac1,assets/web/mega/J09_COMBINED_DAILY_PATTERNS_ABC--w480.webp,assets/media/vector-artwork/mega/J09_COMBINED_DAILY_PATTERNS_ABC.webp,assets/media/vector-artwork/mega/originals/J09_COMBINED_DAILY_PATTERNS_ABC.png,daily-pill-cards.html fit-protocol.html guidebook.html
J09_STATE_A_DAILY_PATTERN.png,,J09,Circular neon clock,state,individual card,A,State A,portrait,dark,940,1672,1869162,28b494f62dcc052a0a0fcc6c43e796c8b76112d29612b2245c3bc0a70f663d95,assets/web/mega/J09_STATE_A_DAILY_PATTERN--w480.webp,assets/media/vector-artwork/mega/J09_STATE_A_DAILY_PATTERN.webp,assets/media/vector-artwork/mega/originals/J09_STATE_A_DAILY_PATTERN.png,daily-pill-cards.html guidebook.html liquid-intake.html
J09_STATE_B_DAILY_PATTERN.png,,J09,Circular neon clock,state,individual card,B,State B,portrait,dark,941,1672,2088706,a5a92d9ba2b14f7ee35db66c33b9a320106ef4b014cc022fd778c20a6c3352f3,assets/web/mega/J09_STATE_B_DAILY_PATTERN--w480.webp,assets/media/vector-artwork/mega/J09_STATE_B_DAILY_PATTERN.webp,assets/media/vector-artwork/mega/originals/J09_STATE_B_DAILY_PATTERN.png,daily-pill-cards.html guidebook.html liquid-intake.html
J09_STATE_C_DAILY_PATTERN.png,,J09,Circular neon clock,state,individual card,C,State C,portrait,dark,941,1672,1839222,8e293b8b315aa00f50919258ab7429836a9ff7fcc4094e68075cdfd95778f9ae,assets/web/mega/J09_STATE_C_DAILY_PATTERN--w480.webp,assets/media/vector-artwork/mega/J09_STATE_C_DAILY_PATTERN.webp,assets/media/vector-artwork/mega/originals/J09_STATE_C_DAILY_PATTERN.png,daily-pill-cards.html guidebook.html liquid-intake.html
J10_FULL_DAILY_INTAKE_STATE_A.png,,J10,Daily execution console,board,combined board,A,State A,landscape,dark,1678,937,2108286,83b4440b4e364c02c1b6c60da79c4c1105ca7e82480f8031764844867687cac2,assets/web/mega/J10_FULL_DAILY_INTAKE_STATE_A--w480.webp,assets/media/vector-artwork/mega/J10_FULL_DAILY_INTAKE_STATE_A.webp,assets/media/vector-artwork/mega/originals/J10_FULL_DAILY_INTAKE_STATE_A.png,daily-pill-cards.html fit-protocol.html guidebook.html
J10_FULL_DAILY_INTAKE_STATE_B.png,,J10,Daily execution console,board,combined board,B,State B,landscape,dark,1678,937,1953306,6a4938c53b8e4e1f9edd4b221f824a05112720932da1909e31dd869b5f6afc8f,assets/web/mega/J10_FULL_DAILY_INTAKE_STATE_B--w480.webp,assets/media/vector-artwork/mega/J10_FULL_DAILY_INTAKE_STATE_B.webp,assets/media/vector-artwork/mega/originals/J10_FULL_DAILY_INTAKE_STATE_B.png,daily-pill-cards.html guidebook.html
J10_FULL_DAILY_INTAKE_STATE_C.png,,J10,Daily execution console,board,combined board,C,State C,landscape,dark,1448,1086,2087145,35c10fdbe8617e03d222be7ed96c58f054f1e27c4c0d8f3e459ad5d04b115250,assets/web/mega/J10_FULL_DAILY_INTAKE_STATE_C--w480.webp,assets/media/vector-artwork/mega/J10_FULL_DAILY_INTAKE_STATE_C.webp,assets/media/vector-artwork/mega/originals/J10_FULL_DAILY_INTAKE_STATE_C.png,daily-pill-cards.html guidebook.html
J11_SCIENTIFIC_BOARD_MASTER.png,,J11,Scientific illustration board,board,combined board,ALL,All states,landscape,dark,1698,926,2600767,a75dfb59cefadde17c337a20570869540321b33416c428d4687e1bb7e848e2be,assets/web/mega/J11_SCIENTIFIC_BOARD_MASTER--w480.webp,assets/media/vector-artwork/mega/J11_SCIENTIFIC_BOARD_MASTER.webp,assets/media/vector-artwork/mega/originals/J11_SCIENTIFIC_BOARD_MASTER.png,fit-protocol-vectors.html fit-protocol.html
J12_SIX_VECTOR_RECIPE_MASTER.png,,J12,Printed recipe plate,board,combined board,ALL,All states,landscape,light,1679,937,1825870,51d8efe729075bd70ff1e3e19e59d0685395104131fbd42b70b918474543fb00,assets/web/mega/J12_SIX_VECTOR_RECIPE_MASTER--w480.webp,assets/media/vector-artwork/mega/J12_SIX_VECTOR_RECIPE_MASTER.webp,assets/media/vector-artwork/mega/originals/J12_SIX_VECTOR_RECIPE_MASTER.png,fit-nutrition.html fit-protocol-vectors.html fit-protocol.html
J13_PILL_GRID_MASTER.png,,J13,Pill grid illustration,board,combined board,ALL,All states,portrait,light,937,1678,2216853,60118ae59b84f8cf9c9d67e1470b543d263c493de83294075b433e0368943c3f,assets/web/mega/J13_PILL_GRID_MASTER--w480.webp,assets/media/vector-artwork/mega/J13_PILL_GRID_MASTER.webp,assets/media/vector-artwork/mega/originals/J13_PILL_GRID_MASTER.png,daily-pill-cards.html fit-protocol-supplements.html fit-protocol.html
J14-STATE-A_PILLS.png,,J14,Liquid and pill crosscheck,state,individual card,A,State A,portrait,dark,941,1672,1883513,62b3e84e2af422e4b5c946381491bcf09e864c34d43353510a1e2cd39ef103cc,assets/web/mega/J14-STATE-A_PILLS--w480.webp,assets/media/vector-artwork/mega/J14-STATE-A_PILLS.webp,assets/media/vector-artwork/mega/originals/J14-STATE-A_PILLS.png,daily-pill-cards.html guidebook.html liquid-intake.html
J14-STATE-B_PILLS.png,,J14,Liquid and pill crosscheck,state,individual card,B,State B,portrait,dark,941,1672,1712649,351c9de742c152c5c4bc3a211c4236ea00879c99fc6e2740cbd6ad61969e5bf3,assets/web/mega/J14-STATE-B_PILLS--w480.webp,assets/media/vector-artwork/mega/J14-STATE-B_PILLS.webp,assets/media/vector-artwork/mega/originals/J14-STATE-B_PILLS.png,daily-pill-cards.html guidebook.html liquid-intake.html
J14-STATE-C_PILLS.png,,J14,Liquid and pill crosscheck,state,individual card,C,State C,portrait,dark,941,1672,1863476,cf183bb744ae029a856597d1dc56f5999bc14946b5fda84923bd28b1812ce0a0,assets/web/mega/J14-STATE-C_PILLS--w480.webp,assets/media/vector-artwork/mega/J14-STATE-C_PILLS.webp,assets/media/vector-artwork/mega/originals/J14-STATE-C_PILLS.png,daily-pill-cards.html guidebook.html liquid-intake.html
J14_LIQUID_PILL_CROSSCHECK_MASTER.png,,J14,Liquid and pill crosscheck,board,combined board,ALL,All states,portrait,dark,1024,1536,1898796,902c07e4a59a9b85cdfb9b3ad59b592f3278fbe406eb3de004e19f12b9a2a219,assets/web/mega/J14_LIQUID_PILL_CROSSCHECK_MASTER--w480.webp,assets/media/vector-artwork/mega/J14_LIQUID_PILL_CROSSCHECK_MASTER.webp,assets/media/vector-artwork/mega/originals/J14_LIQUID_PILL_CROSSCHECK_MASTER.png,daily-pill-cards.html fit-protocol-supplements.html fit-protocol.html guidebook.html
J15-AFTERNOON_PILLS.png,,J15,Vertical illustrated pill clock,stage,individual card,AFTERNOON,"States A, C (B: meal enzyme only)",portrait,light,941,1672,1856133,c35d337d92db6265d877a53a6b4ef1fe0699dbaa08d0b77c936161fefb648786,assets/web/mega/J15-AFTERNOON_PILLS--w480.webp,assets/media/vector-artwork/mega/J15-AFTERNOON_PILLS.webp,assets/media/vector-artwork/mega/originals/J15-AFTERNOON_PILLS.png,daily-pill-cards.html
J15-BREAKFAST_PILLS.png,,J15,Vertical illustrated pill clock,stage,individual card,BREAKFAST,"States A, C (B: meal enzyme only)",portrait,light,941,1672,1656838,0edc1093cdbd398789dd756c20eacb40864af6f495c4895f85865c50e957d57b,assets/web/mega/J15-BREAKFAST_PILLS--w480.webp,assets/media/vector-artwork/mega/J15-BREAKFAST_PILLS.webp,assets/media/vector-artwork/mega/originals/J15-BREAKFAST_PILLS.png,daily-pill-cards.html
J15-LUNCH_PILLS.png,,J15,Vertical illustrated pill clock,stage,individual card,LUNCH,"States A, C (B: meal enzyme only)",portrait,light,941,1672,1756643,cf53c8088a3b279276d17c5db71529495134b0aa43e92e298906f2177a6e592d,assets/web/mega/J15-LUNCH_PILLS--w480.webp,assets/media/vector-artwork/mega/J15-LUNCH_PILLS.webp,assets/media/vector-artwork/mega/originals/J15-LUNCH_PILLS.png,daily-pill-cards.html
J15-NIGHT_PILLS.png,,J15,Vertical illustrated pill clock,stage,individual card,NIGHT,"States A, C",portrait,light,941,1672,1882273,4b52f00e87435543eb3f892e18aafbf15b3a09c8f342f85e8d530cb35c600018,assets/web/mega/J15-NIGHT_PILLS--w480.webp,assets/media/vector-artwork/mega/J15-NIGHT_PILLS.webp,assets/media/vector-artwork/mega/originals/J15-NIGHT_PILLS.png,daily-pill-cards.html
J15-PRE-V4_PILLS.png,,J15,Vertical illustrated pill clock,stage,individual card,PRE-V4,"States A, C",portrait,light,941,1672,1822756,f8cab4251bbb4a0d296bd186bbe57e8e3fa763db17059c4b1dbee8904491b5f3,assets/web/mega/J15-PRE-V4_PILLS--w480.webp,assets/media/vector-artwork/mega/J15-PRE-V4_PILLS.webp,assets/media/vector-artwork/mega/originals/J15-PRE-V4_PILLS.png,daily-pill-cards.html
J15-PRIMER_PILLS.png,,J15,Vertical illustrated pill clock,stage,individual card,PRIMER,"States A, C",portrait,light,941,1672,1897860,50b547554e865ea4cf3ac1c684c93cfb0818f38a61cb4f55c0a6d3b4372f5ee9,assets/web/mega/J15-PRIMER_PILLS--w480.webp,assets/media/vector-artwork/mega/J15-PRIMER_PILLS.webp,assets/media/vector-artwork/mega/originals/J15-PRIMER_PILLS.png,daily-pill-cards.html
J15-WAKE_PILLS.png,,J15,Vertical illustrated pill clock,stage,individual card,WAKE,"States A, B, C",portrait,light,941,1672,1686776,0053fd2d0e2df7e4d40c966cc07f7088d3802b6d24010e9be303d007d5b3258e,assets/web/mega/J15-WAKE_PILLS--w480.webp,assets/media/vector-artwork/mega/J15-WAKE_PILLS.webp,assets/media/vector-artwork/mega/originals/J15-WAKE_PILLS.png,daily-pill-cards.html
J15_FULL_PILL_CHRONOMETER.png,,J15,Vertical illustrated pill clock,board,combined board,ALL,All states,portrait,light,941,1672,2179735,9efd089b836d3614b0522f773eb4eebb45bc01e3153de2304bd0f973529c661e,assets/web/mega/J15_FULL_PILL_CHRONOMETER--w480.webp,assets/media/vector-artwork/mega/J15_FULL_PILL_CHRONOMETER.webp,assets/media/vector-artwork/mega/originals/J15_FULL_PILL_CHRONOMETER.png,daily-pill-cards.html fit-protocol-supplements.html fit-protocol.html
J16_GRID_PAPER_VESSEL_MASTER.png,,J16,Grid paper bottle sequence,board,combined board,ALL,All states,landscape,light,1722,913,1833174,b2e32dfffbb954dd377b66691652bcf38d82baa076de27daf32c2fedfc68df49,assets/web/mega/J16_GRID_PAPER_VESSEL_MASTER--w480.webp,assets/media/vector-artwork/mega/J16_GRID_PAPER_VESSEL_MASTER.webp,assets/media/vector-artwork/mega/originals/J16_GRID_PAPER_VESSEL_MASTER.png,fit-nutrition.html fit-protocol-vectors.html fit-protocol.html
J17_VECTOR_ARCHITECTURE_MASTER.png,,J17,Vector architecture schematic,board,combined board,ALL,All states,portrait,light,1024,1536,2254943,7043e7a8c57e6bd275c2e7f00a1ce04e067f00370e4ca3b1e4cefb29a723129a,assets/web/mega/J17_VECTOR_ARCHITECTURE_MASTER--w480.webp,assets/media/vector-artwork/mega/J17_VECTOR_ARCHITECTURE_MASTER.webp,assets/media/vector-artwork/mega/originals/J17_VECTOR_ARCHITECTURE_MASTER.png,fit-protocol-vectors.html fit-protocol.html
J18-AFTERNOON_PILLS.png,,J18,Pill architecture plate,stage,individual card,AFTERNOON,"States A, C (B: meal enzyme only)",portrait,light,941,1672,1709006,e80e47c5c1dd20de34a7f8ab08e53e64ae93b1a8158ede64ff5e5da0db3fe879,assets/web/mega/J18-AFTERNOON_PILLS--w480.webp,assets/media/vector-artwork/mega/J18-AFTERNOON_PILLS.webp,assets/media/vector-artwork/mega/originals/J18-AFTERNOON_PILLS.png,daily-pill-cards.html
J18-BREAKFAST_PILLS.png,,J18,Pill architecture plate,stage,individual card,BREAKFAST,"States A, C (B: meal enzyme only)",portrait,light,941,1672,1880085,211c6b61d75061b9d4f5487d5e8504d0f6bef9b840c1bebf6c9ac98649600f9e,assets/web/mega/J18-BREAKFAST_PILLS--w480.webp,assets/media/vector-artwork/mega/J18-BREAKFAST_PILLS.webp,assets/media/vector-artwork/mega/originals/J18-BREAKFAST_PILLS.png,daily-pill-cards.html
J18-LUNCH_PILLS.png,,J18,Pill architecture plate,stage,individual card,LUNCH,"States A, C (B: meal enzyme only)",portrait,light,941,1672,1468232,879a76a71f6544cb38b421e4c41ea850fd99fec640494cb3c13c6d536e2d3a5a,assets/web/mega/J18-LUNCH_PILLS--w480.webp,assets/media/vector-artwork/mega/J18-LUNCH_PILLS.webp,assets/media/vector-artwork/mega/originals/J18-LUNCH_PILLS.png,daily-pill-cards.html
J18-NIGHT_PILLS.png,,J18,Pill architecture plate,stage,individual card,NIGHT,"States A, C",portrait,light,940,1672,1768722,d36466673110c333cde0204453b4d82b7168127dff0c2972e0143452eaf986d3,assets/web/mega/J18-NIGHT_PILLS--w480.webp,assets/media/vector-artwork/mega/J18-NIGHT_PILLS.webp,assets/media/vector-artwork/mega/originals/J18-NIGHT_PILLS.png,daily-pill-cards.html
J18-PRE-V4_PILLS.png,,J18,Pill architecture plate,stage,individual card,PRE-V4,"States A, C",portrait,light,941,1672,1755031,e207f659012e2a50faaf0d54f86b47b982a393f3378dd714e143e0e371dbb339,assets/web/mega/J18-PRE-V4_PILLS--w480.webp,assets/media/vector-artwork/mega/J18-PRE-V4_PILLS.webp,assets/media/vector-artwork/mega/originals/J18-PRE-V4_PILLS.png,daily-pill-cards.html
J18-PRIMER_PILLS.png,,J18,Pill architecture plate,stage,individual card,PRIMER,"States A, C",portrait,light,941,1672,1645838,7867b78edf715031ecc3dbe4ec0efe381bc7b11b73db3baaa3099cb36c1ea08c,assets/web/mega/J18-PRIMER_PILLS--w480.webp,assets/media/vector-artwork/mega/J18-PRIMER_PILLS.webp,assets/media/vector-artwork/mega/originals/J18-PRIMER_PILLS.png,daily-pill-cards.html
J18-WAKE_PILLS.png,,J18,Pill architecture plate,stage,individual card,WAKE,"States A, B, C",portrait,light,937,1678,1314508,c4f47e508a8160dbecc2e167c38f5cdc724cbab8eca5d97948311aa81872eeeb,assets/web/mega/J18-WAKE_PILLS--w480.webp,assets/media/vector-artwork/mega/J18-WAKE_PILLS.webp,assets/media/vector-artwork/mega/originals/J18-WAKE_PILLS.png,daily-pill-cards.html
J18_PILL_ARCHITECTURE_MASTER.png,,J18,Pill architecture plate,board,combined board,ALL,All states,portrait,light,937,1678,2395293,f641fe719f7518e3b522c80b610b399647f427394a4d01a0180971ed5a65ca7a,assets/web/mega/J18_PILL_ARCHITECTURE_MASTER--w480.webp,assets/media/vector-artwork/mega/J18_PILL_ARCHITECTURE_MASTER.webp,assets/media/vector-artwork/mega/originals/J18_PILL_ARCHITECTURE_MASTER.png,daily-pill-cards.html fit-protocol-supplements.html fit-protocol.html
J19_GYM_SEQUENCE_MASTER.png,,J19,White gym sequence blueprint,board,combined board,ALL,All states,landscape,light,1672,941,1748904,efde061345616bcf0cb970ede0e176fc1ce39c6bd8fa9d7cc414540b25878842,assets/web/mega/J19_GYM_SEQUENCE_MASTER--w480.webp,assets/media/vector-artwork/mega/J19_GYM_SEQUENCE_MASTER.webp,assets/media/vector-artwork/mega/originals/J19_GYM_SEQUENCE_MASTER.png,fit-protocol-fuel.html fit-protocol-vectors.html fit-protocol.html fit-workout.html
LUNCH_PILLS_J10_DAILY_CONSOLE.png,,J10,Daily execution console,stage,individual card,LUNCH,"States A, C (B: meal enzyme only)",portrait,dark,941,1672,1854380,fa2c17aee168db6cc02aa40869eebf5a0b08bbdb87a324f33d7fe63632a2804c,assets/web/mega/LUNCH_PILLS_J10_DAILY_CONSOLE--w480.webp,assets/media/vector-artwork/mega/LUNCH_PILLS_J10_DAILY_CONSOLE.webp,assets/media/vector-artwork/mega/originals/LUNCH_PILLS_J10_DAILY_CONSOLE.png,daily-pill-cards.html
LUNCH_PILLS_J13_PILL_GRID.png,,J13,Pill grid illustration,stage,individual card,LUNCH,"States A, C (B: meal enzyme only)",portrait,light,941,1672,1745915,d90c8b5a3a47e43b9e74ba756cbbd46ea5c7d487d48df99185f2b4ac8b6ede87,assets/web/mega/LUNCH_PILLS_J13_PILL_GRID--w480.webp,assets/media/vector-artwork/mega/LUNCH_PILLS_J13_PILL_GRID.webp,assets/media/vector-artwork/mega/originals/LUNCH_PILLS_J13_PILL_GRID.png,daily-pill-cards.html
NIGHT_PILLS_J10_DAILY_CONSOLE.png,,J10,Daily execution console,stage,individual card,NIGHT,"States A, C",portrait,dark,941,1672,1692096,c92f8c35238678253e8111b17158d66ba115986537cb043e8ef3c16fd39a3b3a,assets/web/mega/NIGHT_PILLS_J10_DAILY_CONSOLE--w480.webp,assets/media/vector-artwork/mega/NIGHT_PILLS_J10_DAILY_CONSOLE.webp,assets/media/vector-artwork/mega/originals/NIGHT_PILLS_J10_DAILY_CONSOLE.png,daily-pill-cards.html
NIGHT_PILLS_J13_PILL_GRID.png,,J13,Pill grid illustration,stage,individual card,NIGHT,"States A, C",portrait,light,941,1672,2087042,2f81e8498d383e8b6064e557d29cae95eabcb6581081f81f918d5499a1568403,assets/web/mega/NIGHT_PILLS_J13_PILL_GRID--w480.webp,assets/media/vector-artwork/mega/NIGHT_PILLS_J13_PILL_GRID.webp,assets/media/vector-artwork/mega/originals/NIGHT_PILLS_J13_PILL_GRID.png,daily-pill-cards.html
PRE-V4_PILLS_J10_DAILY_CONSOLE.png,,J10,Daily execution console,stage,individual card,PRE-V4,"States A, C",portrait,dark,940,1672,1714511,25024a6352d57ddd4dd21ec79d63a93b5f403ba2d29430a957924e1511f47f94,assets/web/mega/PRE-V4_PILLS_J10_DAILY_CONSOLE--w480.webp,assets/media/vector-artwork/mega/PRE-V4_PILLS_J10_DAILY_CONSOLE.webp,assets/media/vector-artwork/mega/originals/PRE-V4_PILLS_J10_DAILY_CONSOLE.png,daily-pill-cards.html
PRE-V4_PILLS_J13_PILL_GRID.png,,J13,Pill grid illustration,stage,individual card,PRE-V4,"States A, C",portrait,light,940,1672,1388489,e7bb59b7ccc242dfc462997f497f478ba3a8990f994dd6c73327138b8f82cdcd,assets/web/mega/PRE-V4_PILLS_J13_PILL_GRID--w480.webp,assets/media/vector-artwork/mega/PRE-V4_PILLS_J13_PILL_GRID.webp,assets/media/vector-artwork/mega/originals/PRE-V4_PILLS_J13_PILL_GRID.png,daily-pill-cards.html
PRIMER_PILLS_J10_DAILY_CONSOLE.png,,J10,Daily execution console,stage,individual card,PRIMER,"States A, C",portrait,dark,941,1672,1704022,a890a5a8d51f3429bee491b8584b49680e29ec5e7a14a1de720725ad0bb9d8b3,assets/web/mega/PRIMER_PILLS_J10_DAILY_CONSOLE--w480.webp,assets/media/vector-artwork/mega/PRIMER_PILLS_J10_DAILY_CONSOLE.webp,assets/media/vector-artwork/mega/originals/PRIMER_PILLS_J10_DAILY_CONSOLE.png,daily-pill-cards.html
PRIMER_PILLS_J13_PILL_GRID.png,,J13,Pill grid illustration,stage,individual card,PRIMER,"States A, C",portrait,light,940,1672,1758986,458f2938121f7e5f5d11376acab25ff47408b9857fd8cd004020d062c1db6282,assets/web/mega/PRIMER_PILLS_J13_PILL_GRID--w480.webp,assets/media/vector-artwork/mega/PRIMER_PILLS_J13_PILL_GRID.webp,assets/media/vector-artwork/mega/originals/PRIMER_PILLS_J13_PILL_GRID.png,daily-pill-cards.html
R-ALA_PILLS_J19_GYM_PANEL.png,,J19,White gym sequence blueprint,stage,individual card,PRE-V4,"States A, C",portrait,light,941,1672,1375206,9b73c2ae431eeb5a4010f009feffe5fa7f3d50b333f8fc6f640ff1fa87e8c5f7,assets/web/mega/R-ALA_PILLS_J19_GYM_PANEL--w480.webp,assets/media/vector-artwork/mega/R-ALA_PILLS_J19_GYM_PANEL.webp,assets/media/vector-artwork/mega/originals/R-ALA_PILLS_J19_GYM_PANEL.png,daily-pill-cards.html fit-protocol-fuel.html fit-protocol-vectors.html
R_ALA_J06_NEON_BLUEPRINT.png,,J06,Gym sequence blueprint,stage,individual card,PRE-V4,"States A, C",portrait,dark,941,1672,1226674,31f380a63abe6decc825c05b19fa07a6ecdcebca5294c1b1eb6bd1f454b693fd,assets/web/mega/R_ALA_J06_NEON_BLUEPRINT--w480.webp,assets/media/vector-artwork/mega/R_ALA_J06_NEON_BLUEPRINT.webp,assets/media/vector-artwork/mega/originals/R_ALA_J06_NEON_BLUEPRINT.png,daily-pill-cards.html fit-protocol-fuel.html fit-protocol-vectors.html
V10_SHUTDOWN_J03_CLINICAL_ANATOMY.png,,J03,Clinical anatomy poster,vector,individual card,V10,"States A, B (if consumed), C",portrait,light,941,1672,1941279,340e7ab923b14ce109a3c156f6d5a38260f1b34e209ff720d355f2e807f45f26,assets/web/mega/V10_SHUTDOWN_J03_CLINICAL_ANATOMY--w480.webp,assets/media/vector-artwork/mega/V10_SHUTDOWN_J03_CLINICAL_ANATOMY.webp,assets/media/vector-artwork/mega/originals/V10_SHUTDOWN_J03_CLINICAL_ANATOMY.png,fit-protocol-vector-v10.html fit-protocol-vectors.html
V10_SHUTDOWN_J04_NEON_MATRIX.png,,J04,Neon recipe matrix,vector,individual card,V10,"States A, B (if consumed), C",portrait,dark,941,1672,1507482,7eba186547972b5ad82a8633f636b82cceb06a44fb7aebf4a1433ceaf36070ae,assets/web/mega/V10_SHUTDOWN_J04_NEON_MATRIX--w480.webp,assets/media/vector-artwork/mega/V10_SHUTDOWN_J04_NEON_MATRIX.webp,assets/media/vector-artwork/mega/originals/V10_SHUTDOWN_J04_NEON_MATRIX.png,fit-protocol-vector-v10.html fit-protocol-vectors.html liquid-intake.html
V10_SHUTDOWN_J05_CINEMATIC_CONSOLE.png,,J05,Cinematic instrument console,vector,individual card,V10,"States A, B (if consumed), C",portrait,dark,941,1672,2194760,2b0b7c5599c432fcf075df70f7bfe40a0bfa51556684e94ddda3f852fcba72d3,assets/web/mega/V10_SHUTDOWN_J05_CINEMATIC_CONSOLE--w480.webp,assets/media/vector-artwork/mega/V10_SHUTDOWN_J05_CINEMATIC_CONSOLE.webp,assets/media/vector-artwork/mega/originals/V10_SHUTDOWN_J05_CINEMATIC_CONSOLE.png,fit-protocol-vector-v10.html fit-protocol-vectors.html liquid-intake.html
V10_SHUTDOWN_J07_MONOCHROME_FLOW.png,,J07,Monochrome illustrated flow,vector,individual card,V10,"States A, B (if consumed), C",portrait,light,941,1672,1525919,88db41e0865ae21414e1bf0f587d6c4ab1ca7cbebe6d2c840a45a0fab284c5c3,assets/web/mega/V10_SHUTDOWN_J07_MONOCHROME_FLOW--w480.webp,assets/media/vector-artwork/mega/V10_SHUTDOWN_J07_MONOCHROME_FLOW.webp,assets/media/vector-artwork/mega/originals/V10_SHUTDOWN_J07_MONOCHROME_FLOW.png,fit-protocol-vector-v10.html fit-protocol-vectors.html liquid-intake.html
V10_SHUTDOWN_J08_ENGINEERING.png,,J08,Vertical engineering schematic,vector,individual card,V10,"States A, B (if consumed), C",portrait,light,941,1672,1388160,1239f0cd28d02fc9859b4ad31c3785f42f07da8f10adb82e2fb2f7dd526d7724,assets/web/mega/V10_SHUTDOWN_J08_ENGINEERING--w480.webp,assets/media/vector-artwork/mega/V10_SHUTDOWN_J08_ENGINEERING.webp,assets/media/vector-artwork/mega/originals/V10_SHUTDOWN_J08_ENGINEERING.png,fit-protocol-vector-v10.html fit-protocol-vectors.html
V10_SHUTDOWN_J10_DAILY_CONSOLE.png,,J10,Daily execution console,vector,individual card,V10,"States A, B (if consumed), C",portrait,dark,941,1672,1890431,5a25f7a7ee95f3bdbbb804c76b89291151f0c351a49daf9de1eec59a931882c5,assets/web/mega/V10_SHUTDOWN_J10_DAILY_CONSOLE--w480.webp,assets/media/vector-artwork/mega/V10_SHUTDOWN_J10_DAILY_CONSOLE.webp,assets/media/vector-artwork/mega/originals/V10_SHUTDOWN_J10_DAILY_CONSOLE.png,fit-protocol-vector-v10.html fit-protocol-vectors.html
V10_SHUTDOWN_J11_BIOLOGY_BOARD.png,,J11,Scientific illustration board,vector,individual card,V10,"States A, B (if consumed), C",portrait,dark,941,1672,1974400,2e13981f171a2959884e4f56207cab73629709112292a366ada2f2341d346406,assets/web/mega/V10_SHUTDOWN_J11_BIOLOGY_BOARD--w480.webp,assets/media/vector-artwork/mega/V10_SHUTDOWN_J11_BIOLOGY_BOARD.webp,assets/media/vector-artwork/mega/originals/V10_SHUTDOWN_J11_BIOLOGY_BOARD.png,fit-protocol-vector-v10.html fit-protocol-vectors.html
V10_SHUTDOWN_J12_PRINT_RECIPE.png,,J12,Printed recipe plate,vector,individual card,V10,"States A, B (if consumed), C",portrait,light,940,1672,1665069,25f36604d596a15bafc00a22a633823e399c0f775c8a198348eb123cae82dcf2,assets/web/mega/V10_SHUTDOWN_J12_PRINT_RECIPE--w480.webp,assets/media/vector-artwork/mega/V10_SHUTDOWN_J12_PRINT_RECIPE.webp,assets/media/vector-artwork/mega/originals/V10_SHUTDOWN_J12_PRINT_RECIPE.png,fit-protocol-vector-v10.html fit-protocol-vectors.html liquid-intake.html
V10_SHUTDOWN_J16_GRID_PAPER.png,,J16,Grid paper bottle sequence,vector,individual card,V10,"States A, B (if consumed), C",portrait,light,941,1672,1859611,c224d22542a5ac32f95054128ca17e98aa6e9461bff19d059567c8a3dd712b81,assets/web/mega/V10_SHUTDOWN_J16_GRID_PAPER--w480.webp,assets/media/vector-artwork/mega/V10_SHUTDOWN_J16_GRID_PAPER.webp,assets/media/vector-artwork/mega/originals/V10_SHUTDOWN_J16_GRID_PAPER.png,fit-protocol-vector-v10.html fit-protocol-vectors.html
V10_SHUTDOWN_J17_VECTOR_ARCHITECTURE.png,,J17,Vector architecture schematic,vector,individual card,V10,"States A, B (if consumed), C",portrait,light,940,1672,1861320,c0af524b46bb0c54b0a8a2edfd9388b92b37b8e80f89679783a1de6731308842,assets/web/mega/V10_SHUTDOWN_J17_VECTOR_ARCHITECTURE--w480.webp,assets/media/vector-artwork/mega/V10_SHUTDOWN_J17_VECTOR_ARCHITECTURE.webp,assets/media/vector-artwork/mega/originals/V10_SHUTDOWN_J17_VECTOR_ARCHITECTURE.png,fit-protocol-vector-v10.html fit-protocol-vectors.html
V1_IGNITION_J03_CLINICAL_ANATOMY.png,,J03,Clinical anatomy poster,vector,individual card,V1,States A,portrait,light,941,1672,1976341,0554cbbf697247561fb91906b7a9751eb5084d9ae88d2abfecad9a703e065c4e,assets/web/mega/V1_IGNITION_J03_CLINICAL_ANATOMY--w480.webp,assets/media/vector-artwork/mega/V1_IGNITION_J03_CLINICAL_ANATOMY.webp,assets/media/vector-artwork/mega/originals/V1_IGNITION_J03_CLINICAL_ANATOMY.png,fit-protocol-vector-v1.html fit-protocol-vectors.html
V1_IGNITION_J04_NEON_MATRIX.png,Project 100 Neon Ignition Recipe Card-1.png,J04,Neon recipe matrix,vector,individual card,V1,States A,portrait,dark,941,1672,1581012,1173c6c040ba198bdaecfc36244aa328522310e336b81f7979cdad0e790fc0dc,assets/web/mega/V1_IGNITION_J04_NEON_MATRIX--w480.webp,assets/media/vector-artwork/mega/V1_IGNITION_J04_NEON_MATRIX.webp,assets/media/vector-artwork/mega/originals/V1_IGNITION_J04_NEON_MATRIX.png,fit-protocol-vector-v1.html fit-protocol-vectors.html liquid-intake.html
V1_IGNITION_J05_CINEMATIC_CONSOLE.png,,J05,Cinematic instrument console,vector,individual card,V1,States A,portrait,dark,941,1672,1835272,dc2e3e9a8c70de8815c598f26503b05dd99ced7ab2a70859998da18460ba9241,assets/web/mega/V1_IGNITION_J05_CINEMATIC_CONSOLE--w480.webp,assets/media/vector-artwork/mega/V1_IGNITION_J05_CINEMATIC_CONSOLE.webp,assets/media/vector-artwork/mega/originals/V1_IGNITION_J05_CINEMATIC_CONSOLE.png,fit-protocol-vector-v1.html fit-protocol-vectors.html liquid-intake.html
V1_IGNITION_J06_NEON_BLUEPRINT.png,,J06,Gym sequence blueprint,vector,individual card,V1,States A,portrait,dark,941,1672,1749100,4c2435ae6a69724df39b2a72bb9884c20c071e0c50148868dd06998afc54800b,assets/web/mega/V1_IGNITION_J06_NEON_BLUEPRINT--w480.webp,assets/media/vector-artwork/mega/V1_IGNITION_J06_NEON_BLUEPRINT.webp,assets/media/vector-artwork/mega/originals/V1_IGNITION_J06_NEON_BLUEPRINT.png,fit-protocol-fuel.html fit-protocol-vector-v1.html fit-protocol-vectors.html
V1_IGNITION_J07_MONOCHROME_FLOW.png,,J07,Monochrome illustrated flow,vector,individual card,V1,States A,portrait,light,941,1672,1494434,b4cf2b6f57d02b4a52541e80e066584ab24653bb42678db90ca625be2efd206a,assets/web/mega/V1_IGNITION_J07_MONOCHROME_FLOW--w480.webp,assets/media/vector-artwork/mega/V1_IGNITION_J07_MONOCHROME_FLOW.webp,assets/media/vector-artwork/mega/originals/V1_IGNITION_J07_MONOCHROME_FLOW.png,fit-protocol-vector-v1.html fit-protocol-vectors.html liquid-intake.html
V1_IGNITION_J08_ENGINEERING.png,,J08,Vertical engineering schematic,vector,individual card,V1,States A,portrait,light,941,1672,1450129,dee7a54208161806e1a83f48ed2e57caa6548a40f92c69db1d1f1abbc068ed08,assets/web/mega/V1_IGNITION_J08_ENGINEERING--w480.webp,assets/media/vector-artwork/mega/V1_IGNITION_J08_ENGINEERING.webp,assets/media/vector-artwork/mega/originals/V1_IGNITION_J08_ENGINEERING.png,fit-protocol-vector-v1.html fit-protocol-vectors.html
V1_IGNITION_J10_DAILY_CONSOLE.png,,J10,Daily execution console,vector,individual card,V1,States A,portrait,dark,941,1672,2034857,337a2f838c46f3e75acfb296704bf97e076d524ed927ccc3cd7c86fd411a6dff,assets/web/mega/V1_IGNITION_J10_DAILY_CONSOLE--w480.webp,assets/media/vector-artwork/mega/V1_IGNITION_J10_DAILY_CONSOLE.webp,assets/media/vector-artwork/mega/originals/V1_IGNITION_J10_DAILY_CONSOLE.png,fit-protocol-vector-v1.html fit-protocol-vectors.html
V1_IGNITION_J11_BIOLOGY_BOARD.png,,J11,Scientific illustration board,vector,individual card,V1,States A,portrait,dark,941,1672,1918177,0bf7dbc77811dd9f5532c0b053a99c5668b9f0bec1aab1c8da02b52ab7bd6a92,assets/web/mega/V1_IGNITION_J11_BIOLOGY_BOARD--w480.webp,assets/media/vector-artwork/mega/V1_IGNITION_J11_BIOLOGY_BOARD.webp,assets/media/vector-artwork/mega/originals/V1_IGNITION_J11_BIOLOGY_BOARD.png,fit-protocol-vector-v1.html fit-protocol-vectors.html
V1_IGNITION_J12_PRINT_RECIPE.png,,J12,Printed recipe plate,vector,individual card,V1,States A,portrait,light,941,1672,1747357,b8ffb7d8d49776e33d59f0fd04107499b848f4aee7ada53ef616f94572825db6,assets/web/mega/V1_IGNITION_J12_PRINT_RECIPE--w480.webp,assets/media/vector-artwork/mega/V1_IGNITION_J12_PRINT_RECIPE.webp,assets/media/vector-artwork/mega/originals/V1_IGNITION_J12_PRINT_RECIPE.png,fit-protocol-vector-v1.html fit-protocol-vectors.html liquid-intake.html
V1_IGNITION_J16_ROUNDED_BOARD.png,,J16,Grid paper bottle sequence,vector,individual card,V1,States A,portrait,light,941,1672,1688192,b774ab1b3152d30f5755fb1db11b282ec16faac0305caea5bcc7e958e8a62c53,assets/web/mega/V1_IGNITION_J16_ROUNDED_BOARD--w480.webp,assets/media/vector-artwork/mega/V1_IGNITION_J16_ROUNDED_BOARD.webp,assets/media/vector-artwork/mega/originals/V1_IGNITION_J16_ROUNDED_BOARD.png,fit-protocol-vector-v1.html fit-protocol-vectors.html
V1_IGNITION_J17_VECTOR_ARCHITECTURE.png,,J17,Vector architecture schematic,vector,individual card,V1,States A,portrait,light,941,1672,1563537,4d0f8b7f5d89860f3f2c5fa15fc5dc950677b8888a2ec1b7a264c29fe5460125,assets/web/mega/V1_IGNITION_J17_VECTOR_ARCHITECTURE--w480.webp,assets/media/vector-artwork/mega/V1_IGNITION_J17_VECTOR_ARCHITECTURE.webp,assets/media/vector-artwork/mega/originals/V1_IGNITION_J17_VECTOR_ARCHITECTURE.png,fit-protocol-vector-v1.html fit-protocol-vectors.html
V1_IGNITION_J19_WHITE_BLUEPRINT.png,,J19,White gym sequence blueprint,vector,individual card,V1,States A,portrait,light,940,1673,1598583,eba941b8343b5cde95760d23ff029653c1d97904d9403a38ec7a6d1ec870bc41,assets/web/mega/V1_IGNITION_J19_WHITE_BLUEPRINT--w480.webp,assets/media/vector-artwork/mega/V1_IGNITION_J19_WHITE_BLUEPRINT.webp,assets/media/vector-artwork/mega/originals/V1_IGNITION_J19_WHITE_BLUEPRINT.png,fit-protocol-fuel.html fit-protocol-vector-v1.html fit-protocol-vectors.html
V2_REFUEL_J03_CLINICAL_ANATOMY.png,,J03,Clinical anatomy poster,vector,individual card,V2,"States A, C",portrait,light,941,1672,2050102,e1eba86c2372b69f1d957cf41680cc64a9991a36e289141684331e869d9e6e58,assets/web/mega/V2_REFUEL_J03_CLINICAL_ANATOMY--w480.webp,assets/media/vector-artwork/mega/V2_REFUEL_J03_CLINICAL_ANATOMY.webp,assets/media/vector-artwork/mega/originals/V2_REFUEL_J03_CLINICAL_ANATOMY.png,fit-protocol-vector-v2.html fit-protocol-vectors.html
V2_REFUEL_J04_NEON_MATRIX.png,Neon V2 Refuel Recipe Card-2.png,J04,Neon recipe matrix,vector,individual card,V2,"States A, C",portrait,dark,941,1672,1783789,60e0567a72ad5aa5ef41b2caba91214f391c85aeda95a2ba6e54569f36f3e0b2,assets/web/mega/V2_REFUEL_J04_NEON_MATRIX--w480.webp,assets/media/vector-artwork/mega/V2_REFUEL_J04_NEON_MATRIX.webp,assets/media/vector-artwork/mega/originals/V2_REFUEL_J04_NEON_MATRIX.png,fit-protocol-vector-v2.html fit-protocol-vectors.html liquid-intake.html
V2_REFUEL_J05_CINEMATIC_CONSOLE.png,,J05,Cinematic instrument console,vector,individual card,V2,"States A, C",portrait,dark,941,1672,1978489,87769cb912c2798c7634f7a292e315ef6c98ef0d944995e25ef4bef613a2f030,assets/web/mega/V2_REFUEL_J05_CINEMATIC_CONSOLE--w480.webp,assets/media/vector-artwork/mega/V2_REFUEL_J05_CINEMATIC_CONSOLE.webp,assets/media/vector-artwork/mega/originals/V2_REFUEL_J05_CINEMATIC_CONSOLE.png,fit-protocol-vector-v2.html fit-protocol-vectors.html liquid-intake.html
V2_REFUEL_J06_NEON_BLUEPRINT.png,,J06,Gym sequence blueprint,vector,individual card,V2,"States A, C",portrait,dark,940,1672,1506578,fce3131cfa7e57983cf37d798a46aa7c70e63b0d7cd1efc9241da3fa03bea972,assets/web/mega/V2_REFUEL_J06_NEON_BLUEPRINT--w480.webp,assets/media/vector-artwork/mega/V2_REFUEL_J06_NEON_BLUEPRINT.webp,assets/media/vector-artwork/mega/originals/V2_REFUEL_J06_NEON_BLUEPRINT.png,fit-protocol-fuel.html fit-protocol-vector-v2.html fit-protocol-vectors.html
V2_REFUEL_J07_MONOCHROME_FLOW.png,,J07,Monochrome illustrated flow,vector,individual card,V2,"States A, C",portrait,light,941,1672,1623182,e4cb05485a3bd6a9f6993a4cd28986338983c29b676ee81c9b5ee65577fa5b18,assets/web/mega/V2_REFUEL_J07_MONOCHROME_FLOW--w480.webp,assets/media/vector-artwork/mega/V2_REFUEL_J07_MONOCHROME_FLOW.webp,assets/media/vector-artwork/mega/originals/V2_REFUEL_J07_MONOCHROME_FLOW.png,fit-protocol-vector-v2.html fit-protocol-vectors.html liquid-intake.html
V2_REFUEL_J08_ENGINEERING.png,,J08,Vertical engineering schematic,vector,individual card,V2,"States A, C",portrait,light,941,1672,1401794,85c5d90dc04ab163995b723ba3ced923e561ce68d1aeb20c35450c165b433ba5,assets/web/mega/V2_REFUEL_J08_ENGINEERING--w480.webp,assets/media/vector-artwork/mega/V2_REFUEL_J08_ENGINEERING.webp,assets/media/vector-artwork/mega/originals/V2_REFUEL_J08_ENGINEERING.png,fit-protocol-vector-v2.html fit-protocol-vectors.html
V2_REFUEL_J10_DAILY_CONSOLE.png,,J10,Daily execution console,vector,individual card,V2,"States A, C",portrait,dark,941,1672,1944453,f8cabee2914ebecccc286deb65dddc2340e8b907fc02d6f5000b54e8b7a21668,assets/web/mega/V2_REFUEL_J10_DAILY_CONSOLE--w480.webp,assets/media/vector-artwork/mega/V2_REFUEL_J10_DAILY_CONSOLE.webp,assets/media/vector-artwork/mega/originals/V2_REFUEL_J10_DAILY_CONSOLE.png,fit-protocol-vector-v2.html fit-protocol-vectors.html
V2_REFUEL_J11_BIOLOGY_BOARD.png,,J11,Scientific illustration board,vector,individual card,V2,"States A, C",portrait,dark,941,1672,2231905,e89d2188c173460bebd268ca866934d792e42571a4fac8a12709a91e87dcb1e3,assets/web/mega/V2_REFUEL_J11_BIOLOGY_BOARD--w480.webp,assets/media/vector-artwork/mega/V2_REFUEL_J11_BIOLOGY_BOARD.webp,assets/media/vector-artwork/mega/originals/V2_REFUEL_J11_BIOLOGY_BOARD.png,fit-protocol-vector-v2.html fit-protocol-vectors.html
V2_REFUEL_J12_PRINT_RECIPE.png,,J12,Printed recipe plate,vector,individual card,V2,"States A, C",portrait,light,941,1672,1628262,58e8399e8bfbe27126a80a02e88fb2f2429afd478622e63a0a73c544fe3e4de1,assets/web/mega/V2_REFUEL_J12_PRINT_RECIPE--w480.webp,assets/media/vector-artwork/mega/V2_REFUEL_J12_PRINT_RECIPE.webp,assets/media/vector-artwork/mega/originals/V2_REFUEL_J12_PRINT_RECIPE.png,fit-protocol-vector-v2.html fit-protocol-vectors.html liquid-intake.html
V2_REFUEL_J16_ROUNDED_BOARD.png,,J16,Grid paper bottle sequence,vector,individual card,V2,"States A, C",portrait,light,941,1672,1692142,18cd07aac1d5d3f7a4e26b49dc054759631d5d097d42d162388dfe0ef334751f,assets/web/mega/V2_REFUEL_J16_ROUNDED_BOARD--w480.webp,assets/media/vector-artwork/mega/V2_REFUEL_J16_ROUNDED_BOARD.webp,assets/media/vector-artwork/mega/originals/V2_REFUEL_J16_ROUNDED_BOARD.png,fit-protocol-vector-v2.html fit-protocol-vectors.html
V2_REFUEL_J17_VECTOR_ARCHITECTURE.png,,J17,Vector architecture schematic,vector,individual card,V2,"States A, C",portrait,light,937,1678,1750854,27c1a41865f0e42becaf3025eb9d2e07387fe217977da5b5e5318e7bc236a863,assets/web/mega/V2_REFUEL_J17_VECTOR_ARCHITECTURE--w480.webp,assets/media/vector-artwork/mega/V2_REFUEL_J17_VECTOR_ARCHITECTURE.webp,assets/media/vector-artwork/mega/originals/V2_REFUEL_J17_VECTOR_ARCHITECTURE.png,fit-protocol-vector-v2.html fit-protocol-vectors.html
V2_REFUEL_J19_WHITE_BLUEPRINT.png,,J19,White gym sequence blueprint,vector,individual card,V2,"States A, C",portrait,light,941,1672,1666247,0b141af93f95ea4237ccb65a1eadbfc4a260f2e9c7329c3d3fe263ef73371365,assets/web/mega/V2_REFUEL_J19_WHITE_BLUEPRINT--w480.webp,assets/media/vector-artwork/mega/V2_REFUEL_J19_WHITE_BLUEPRINT.webp,assets/media/vector-artwork/mega/originals/V2_REFUEL_J19_WHITE_BLUEPRINT.png,fit-protocol-fuel.html fit-protocol-vector-v2.html fit-protocol-vectors.html
V3_RECOVERY_J03_CLINICAL_ANATOMY.png,,J03,Clinical anatomy poster,vector,individual card,V3,"States A, B (if consumed), C",portrait,light,941,1672,2084028,84007822a9f742ff397bdaa59cd08fdc3fcab8469773de29536c6b785820f517,assets/web/mega/V3_RECOVERY_J03_CLINICAL_ANATOMY--w480.webp,assets/media/vector-artwork/mega/V3_RECOVERY_J03_CLINICAL_ANATOMY.webp,assets/media/vector-artwork/mega/originals/V3_RECOVERY_J03_CLINICAL_ANATOMY.png,fit-protocol-vector-v3.html fit-protocol-vectors.html
V3_RECOVERY_J04_NEON_MATRIX.png,Project 100 Neon Recovery Formula-3.png,J04,Neon recipe matrix,vector,individual card,V3,"States A, B (if consumed), C",portrait,dark,941,1672,1570280,25679974493310e6f28d0968945ad954fb5f8f2bc8c385b51a83c610e8bd173a,assets/web/mega/V3_RECOVERY_J04_NEON_MATRIX--w480.webp,assets/media/vector-artwork/mega/V3_RECOVERY_J04_NEON_MATRIX.webp,assets/media/vector-artwork/mega/originals/V3_RECOVERY_J04_NEON_MATRIX.png,fit-protocol-vector-v3.html fit-protocol-vectors.html liquid-intake.html
V3_RECOVERY_J05_CINEMATIC_CONSOLE.png,,J05,Cinematic instrument console,vector,individual card,V3,"States A, B (if consumed), C",portrait,dark,941,1672,1956974,0b450c11d847a6f2a7dfb9af3ae418fafd1a599c25f26b75078dd27ec4c28395,assets/web/mega/V3_RECOVERY_J05_CINEMATIC_CONSOLE--w480.webp,assets/media/vector-artwork/mega/V3_RECOVERY_J05_CINEMATIC_CONSOLE.webp,assets/media/vector-artwork/mega/originals/V3_RECOVERY_J05_CINEMATIC_CONSOLE.png,fit-protocol-vector-v3.html fit-protocol-vectors.html liquid-intake.html
V3_RECOVERY_J07_MONOCHROME_FLOW.png,,J07,Monochrome illustrated flow,vector,individual card,V3,"States A, B (if consumed), C",portrait,light,941,1672,1504825,1e456e4604b99d82f9b71c1d15e04fd7adcbf731967097703a9669736c6d447d,assets/web/mega/V3_RECOVERY_J07_MONOCHROME_FLOW--w480.webp,assets/media/vector-artwork/mega/V3_RECOVERY_J07_MONOCHROME_FLOW.webp,assets/media/vector-artwork/mega/originals/V3_RECOVERY_J07_MONOCHROME_FLOW.png,fit-protocol-vector-v3.html fit-protocol-vectors.html liquid-intake.html
V3_RECOVERY_J08_ENGINEERING.png,,J08,Vertical engineering schematic,vector,individual card,V3,"States A, B (if consumed), C",portrait,light,941,1672,1415685,97affff41519842027f39f9570a94ce46077d50ca731bcc537b750d0784cea0e,assets/web/mega/V3_RECOVERY_J08_ENGINEERING--w480.webp,assets/media/vector-artwork/mega/V3_RECOVERY_J08_ENGINEERING.webp,assets/media/vector-artwork/mega/originals/V3_RECOVERY_J08_ENGINEERING.png,fit-protocol-vector-v3.html fit-protocol-vectors.html
V3_RECOVERY_J10_DAILY_CONSOLE.png,,J10,Daily execution console,vector,individual card,V3,"States A, B (if consumed), C",portrait,dark,941,1672,1875443,2ce81f780d5eb44592820612f8c2659f9eea805de00da76c908d29f73c301e4a,assets/web/mega/V3_RECOVERY_J10_DAILY_CONSOLE--w480.webp,assets/media/vector-artwork/mega/V3_RECOVERY_J10_DAILY_CONSOLE.webp,assets/media/vector-artwork/mega/originals/V3_RECOVERY_J10_DAILY_CONSOLE.png,fit-protocol-vector-v3.html fit-protocol-vectors.html
V3_RECOVERY_J11_BIOLOGY_BOARD.png,,J11,Scientific illustration board,vector,individual card,V3,"States A, B (if consumed), C",portrait,dark,940,1672,1983406,099e836f9113cb3b27d7be98e0fe82c7e175ccff338e980898f18e49ff8ffaf8,assets/web/mega/V3_RECOVERY_J11_BIOLOGY_BOARD--w480.webp,assets/media/vector-artwork/mega/V3_RECOVERY_J11_BIOLOGY_BOARD.webp,assets/media/vector-artwork/mega/originals/V3_RECOVERY_J11_BIOLOGY_BOARD.png,fit-protocol-vector-v3.html fit-protocol-vectors.html
V3_RECOVERY_J12_PRINT_RECIPE.png,,J12,Printed recipe plate,vector,individual card,V3,"States A, B (if consumed), C",portrait,light,941,1672,1706913,a2133806c27e9742ff6b27845b125638cb23ad18fc9b231838c1e0af0c4b549d,assets/web/mega/V3_RECOVERY_J12_PRINT_RECIPE--w480.webp,assets/media/vector-artwork/mega/V3_RECOVERY_J12_PRINT_RECIPE.webp,assets/media/vector-artwork/mega/originals/V3_RECOVERY_J12_PRINT_RECIPE.png,fit-protocol-vector-v3.html fit-protocol-vectors.html liquid-intake.html
V3_RECOVERY_J16_ROUNDED_BOARD.png,,J16,Grid paper bottle sequence,vector,individual card,V3,"States A, B (if consumed), C",portrait,light,940,1672,1798452,d32b62741c68cb5e15660097d99c12f164f86075e3e0c4743deef00a3763d8a1,assets/web/mega/V3_RECOVERY_J16_ROUNDED_BOARD--w480.webp,assets/media/vector-artwork/mega/V3_RECOVERY_J16_ROUNDED_BOARD.webp,assets/media/vector-artwork/mega/originals/V3_RECOVERY_J16_ROUNDED_BOARD.png,fit-protocol-vector-v3.html fit-protocol-vectors.html
V3_RECOVERY_J17_VECTOR_ARCHITECTURE.png,,J17,Vector architecture schematic,vector,individual card,V3,"States A, B (if consumed), C",portrait,light,937,1679,2098584,a7f9befe9e4b019a3ee4be17368f7728e01485bae1ed4273781bd83ba5857001,assets/web/mega/V3_RECOVERY_J17_VECTOR_ARCHITECTURE--w480.webp,assets/media/vector-artwork/mega/V3_RECOVERY_J17_VECTOR_ARCHITECTURE.webp,assets/media/vector-artwork/mega/originals/V3_RECOVERY_J17_VECTOR_ARCHITECTURE.png,fit-protocol-vector-v3.html fit-protocol-vectors.html
V4_RELOAD_J03_CLINICAL_ANATOMY.png,,J03,Clinical anatomy poster,vector,individual card,V4,"States A, C",portrait,light,941,1672,1912428,8b483a51b7388cbd801ae2594f6d697f08396bff2bfcffaabff20c0af0791142,assets/web/mega/V4_RELOAD_J03_CLINICAL_ANATOMY--w480.webp,assets/media/vector-artwork/mega/V4_RELOAD_J03_CLINICAL_ANATOMY.webp,assets/media/vector-artwork/mega/originals/V4_RELOAD_J03_CLINICAL_ANATOMY.png,fit-protocol-vector-v4.html fit-protocol-vectors.html
V4_RELOAD_J04_NEON_MATRIX.png,V4 Reload Recovery Formula-4.png,J04,Neon recipe matrix,vector,individual card,V4,"States A, C",portrait,dark,941,1672,1635081,838886a8d08925ea2096fefde3133e794911d40ade11da8331a26c6ac742dbe1,assets/web/mega/V4_RELOAD_J04_NEON_MATRIX--w480.webp,assets/media/vector-artwork/mega/V4_RELOAD_J04_NEON_MATRIX.webp,assets/media/vector-artwork/mega/originals/V4_RELOAD_J04_NEON_MATRIX.png,fit-protocol-vector-v4.html fit-protocol-vectors.html liquid-intake.html
V4_RELOAD_J05_CINEMATIC_CONSOLE.png,,J05,Cinematic instrument console,vector,individual card,V4,"States A, C",portrait,dark,941,1672,2053098,09a147344e14c936b768965e8f76396d7e91e5962b4bd36bfd5e16d5476fd4cc,assets/web/mega/V4_RELOAD_J05_CINEMATIC_CONSOLE--w480.webp,assets/media/vector-artwork/mega/V4_RELOAD_J05_CINEMATIC_CONSOLE.webp,assets/media/vector-artwork/mega/originals/V4_RELOAD_J05_CINEMATIC_CONSOLE.png,fit-protocol-vector-v4.html fit-protocol-vectors.html liquid-intake.html
V4_RELOAD_J06_NEON_BLUEPRINT.png,,J06,Gym sequence blueprint,vector,individual card,V4,"States A, C",landscape,dark,1672,941,1829251,306eee7f62d827113c0fd31b469324d0685ec74b6a046b4c8be6f75ba2489604,assets/web/mega/V4_RELOAD_J06_NEON_BLUEPRINT--w480.webp,assets/media/vector-artwork/mega/V4_RELOAD_J06_NEON_BLUEPRINT.webp,assets/media/vector-artwork/mega/originals/V4_RELOAD_J06_NEON_BLUEPRINT.png,fit-protocol-fuel.html fit-protocol-vector-v4.html fit-protocol-vectors.html
V4_RELOAD_J07_MONOCHROME_FLOW.png,,J07,Monochrome illustrated flow,vector,individual card,V4,"States A, C",portrait,light,941,1672,1443903,505a0f5c154cb896edb46c09aeefd4e5ab2ed2e24624752a32963815defad6c5,assets/web/mega/V4_RELOAD_J07_MONOCHROME_FLOW--w480.webp,assets/media/vector-artwork/mega/V4_RELOAD_J07_MONOCHROME_FLOW.webp,assets/media/vector-artwork/mega/originals/V4_RELOAD_J07_MONOCHROME_FLOW.png,fit-protocol-vector-v4.html fit-protocol-vectors.html liquid-intake.html
V4_RELOAD_J08_ENGINEERING.png,,J08,Vertical engineering schematic,vector,individual card,V4,"States A, C",portrait,light,941,1672,1415263,96adebc37853eb64d0a1528c982582627a58a7c4054a227853a37413b87d1f05,assets/web/mega/V4_RELOAD_J08_ENGINEERING--w480.webp,assets/media/vector-artwork/mega/V4_RELOAD_J08_ENGINEERING.webp,assets/media/vector-artwork/mega/originals/V4_RELOAD_J08_ENGINEERING.png,fit-protocol-vector-v4.html fit-protocol-vectors.html
V4_RELOAD_J10_DAILY_CONSOLE.png,,J10,Daily execution console,vector,individual card,V4,"States A, C",portrait,dark,941,1672,1921239,8607a525ac14c3729be9e281f8c2ab03757de291a415f3bccaa1e9bae6c3b5e6,assets/web/mega/V4_RELOAD_J10_DAILY_CONSOLE--w480.webp,assets/media/vector-artwork/mega/V4_RELOAD_J10_DAILY_CONSOLE.webp,assets/media/vector-artwork/mega/originals/V4_RELOAD_J10_DAILY_CONSOLE.png,fit-protocol-vector-v4.html fit-protocol-vectors.html
V4_RELOAD_J11_BIOLOGY_BOARD.png,,J11,Scientific illustration board,vector,individual card,V4,"States A, C",portrait,dark,941,1672,2409527,32d6c172c963fcb69b86150933af6678136aacaa48f7f9ac1eab5e4720828232,assets/web/mega/V4_RELOAD_J11_BIOLOGY_BOARD--w480.webp,assets/media/vector-artwork/mega/V4_RELOAD_J11_BIOLOGY_BOARD.webp,assets/media/vector-artwork/mega/originals/V4_RELOAD_J11_BIOLOGY_BOARD.png,fit-protocol-vector-v4.html fit-protocol-vectors.html
V4_RELOAD_J12_PRINT_RECIPE.png,,J12,Printed recipe plate,vector,individual card,V4,"States A, C",portrait,light,941,1672,1573048,800453565f09b97d32601a447e0328234f2f3b0a739b551d77378b5aab448a68,assets/web/mega/V4_RELOAD_J12_PRINT_RECIPE--w480.webp,assets/media/vector-artwork/mega/V4_RELOAD_J12_PRINT_RECIPE.webp,assets/media/vector-artwork/mega/originals/V4_RELOAD_J12_PRINT_RECIPE.png,fit-protocol-vector-v4.html fit-protocol-vectors.html liquid-intake.html
V4_RELOAD_J16_ROUNDED_BOARD.png,,J16,Grid paper bottle sequence,vector,individual card,V4,"States A, C",portrait,light,941,1672,1628473,0ac888b8172a27df9737c4c0a38ddfbb8f667a9d6d523d80dd3f9cd6dba92c64,assets/web/mega/V4_RELOAD_J16_ROUNDED_BOARD--w480.webp,assets/media/vector-artwork/mega/V4_RELOAD_J16_ROUNDED_BOARD.webp,assets/media/vector-artwork/mega/originals/V4_RELOAD_J16_ROUNDED_BOARD.png,fit-protocol-vector-v4.html fit-protocol-vectors.html
V4_RELOAD_J17_VECTOR_ARCHITECTURE.png,,J17,Vector architecture schematic,vector,individual card,V4,"States A, C",portrait,light,937,1678,1958586,61a7e2394787d47e7030ace9bf039868e73b918349b3e7c788257cc65c3e5963,assets/web/mega/V4_RELOAD_J17_VECTOR_ARCHITECTURE--w480.webp,assets/media/vector-artwork/mega/V4_RELOAD_J17_VECTOR_ARCHITECTURE.webp,assets/media/vector-artwork/mega/originals/V4_RELOAD_J17_VECTOR_ARCHITECTURE.png,fit-protocol-vector-v4.html fit-protocol-vectors.html
V4_RELOAD_J19_WHITE_BLUEPRINT.png,,J19,White gym sequence blueprint,vector,individual card,V4,"States A, C",portrait,light,940,1672,1583122,541b6c8b7ad6aeb9f35cb6ab8ca229419446c5a989aa9fcbb4cd33c22daffe3a,assets/web/mega/V4_RELOAD_J19_WHITE_BLUEPRINT--w480.webp,assets/media/vector-artwork/mega/V4_RELOAD_J19_WHITE_BLUEPRINT.webp,assets/media/vector-artwork/mega/originals/V4_RELOAD_J19_WHITE_BLUEPRINT.png,fit-protocol-fuel.html fit-protocol-vector-v4.html fit-protocol-vectors.html
V5_TRANSPORT_J03_CLINICAL_ANATOMY.png,,J03,Clinical anatomy poster,vector,individual card,V5,States B,portrait,light,941,1672,1904889,78509177842bf25b3069b133fd64d6d76f5b2ebe0fc3f8120839aeee7b029755,assets/web/mega/V5_TRANSPORT_J03_CLINICAL_ANATOMY--w480.webp,assets/media/vector-artwork/mega/V5_TRANSPORT_J03_CLINICAL_ANATOMY.webp,assets/media/vector-artwork/mega/originals/V5_TRANSPORT_J03_CLINICAL_ANATOMY.png,fit-protocol-vector-v5.html fit-protocol-vectors.html
V5_TRANSPORT_J04_NEON_MATRIX.png,V5 Transport Rest Day Recipe Card-5.png,J04,Neon recipe matrix,vector,individual card,V5,States B,portrait,dark,941,1672,1520461,c3e73e5bb8c2da3377e4656aeafcf3bcb77633930606beab1a37d1c23cb4130d,assets/web/mega/V5_TRANSPORT_J04_NEON_MATRIX--w480.webp,assets/media/vector-artwork/mega/V5_TRANSPORT_J04_NEON_MATRIX.webp,assets/media/vector-artwork/mega/originals/V5_TRANSPORT_J04_NEON_MATRIX.png,fit-protocol-vector-v5.html fit-protocol-vectors.html liquid-intake.html
V5_TRANSPORT_J05_CINEMATIC_CONSOLE.png,,J05,Cinematic instrument console,vector,individual card,V5,States B,portrait,dark,941,1672,1724049,b833e918d07df4049ac4c9e593e8c2d9cc576050e5022918185c3d615624796b,assets/web/mega/V5_TRANSPORT_J05_CINEMATIC_CONSOLE--w480.webp,assets/media/vector-artwork/mega/V5_TRANSPORT_J05_CINEMATIC_CONSOLE.webp,assets/media/vector-artwork/mega/originals/V5_TRANSPORT_J05_CINEMATIC_CONSOLE.png,fit-protocol-vector-v5.html fit-protocol-vectors.html liquid-intake.html
V5_TRANSPORT_J07_MONOCHROME_FLOW.png,,J07,Monochrome illustrated flow,vector,individual card,V5,States B,portrait,light,941,1672,1376959,d79794066ca1ad3bc7a6d3a9394058d3f511adb9ff4ec30e180f934d89343a74,assets/web/mega/V5_TRANSPORT_J07_MONOCHROME_FLOW--w480.webp,assets/media/vector-artwork/mega/V5_TRANSPORT_J07_MONOCHROME_FLOW.webp,assets/media/vector-artwork/mega/originals/V5_TRANSPORT_J07_MONOCHROME_FLOW.png,fit-protocol-vector-v5.html fit-protocol-vectors.html liquid-intake.html
V5_TRANSPORT_J08_ENGINEERING.png,,J08,Vertical engineering schematic,vector,individual card,V5,States B,portrait,light,941,1672,1595293,4a7a05d73f5dc25e54b913a4fc9cc2c4ceb8ff530d122b4e5b7ea9b6a25c2923,assets/web/mega/V5_TRANSPORT_J08_ENGINEERING--w480.webp,assets/media/vector-artwork/mega/V5_TRANSPORT_J08_ENGINEERING.webp,assets/media/vector-artwork/mega/originals/V5_TRANSPORT_J08_ENGINEERING.png,fit-protocol-vector-v5.html fit-protocol-vectors.html
V5_TRANSPORT_J10_DAILY_CONSOLE.png,,J10,Daily execution console,vector,individual card,V5,States B,portrait,dark,941,1672,1940490,87d8a9c148b15957c41ef3eed0f25406ad553f3822097374dbc2c03b29860124,assets/web/mega/V5_TRANSPORT_J10_DAILY_CONSOLE--w480.webp,assets/media/vector-artwork/mega/V5_TRANSPORT_J10_DAILY_CONSOLE.webp,assets/media/vector-artwork/mega/originals/V5_TRANSPORT_J10_DAILY_CONSOLE.png,fit-protocol-vector-v5.html fit-protocol-vectors.html
V5_TRANSPORT_J11_BIOLOGY_BOARD.png,,J11,Scientific illustration board,vector,individual card,V5,States B,portrait,dark,941,1672,1861442,390c28c91e6b911a31b9375852ac7944a7e2e0ac72c266e4fa85e4e3e5bfef11,assets/web/mega/V5_TRANSPORT_J11_BIOLOGY_BOARD--w480.webp,assets/media/vector-artwork/mega/V5_TRANSPORT_J11_BIOLOGY_BOARD.webp,assets/media/vector-artwork/mega/originals/V5_TRANSPORT_J11_BIOLOGY_BOARD.png,fit-protocol-vector-v5.html fit-protocol-vectors.html
V5_TRANSPORT_J12_PRINT_RECIPE.png,,J12,Printed recipe plate,vector,individual card,V5,States B,portrait,light,941,1672,1397211,701e06d941d763080ef893f5648a359f397692c2cba0278fac4659a974918117,assets/web/mega/V5_TRANSPORT_J12_PRINT_RECIPE--w480.webp,assets/media/vector-artwork/mega/V5_TRANSPORT_J12_PRINT_RECIPE.webp,assets/media/vector-artwork/mega/originals/V5_TRANSPORT_J12_PRINT_RECIPE.png,fit-protocol-vector-v5.html fit-protocol-vectors.html liquid-intake.html
V5_TRANSPORT_J16_ROUNDED_BOARD.png,,J16,Grid paper bottle sequence,vector,individual card,V5,States B,portrait,light,941,1672,1699111,f57fe7b403452c24ef89a83d719d989ef47d5b551f3a4dba4d8d0b82b0a4a2cb,assets/web/mega/V5_TRANSPORT_J16_ROUNDED_BOARD--w480.webp,assets/media/vector-artwork/mega/V5_TRANSPORT_J16_ROUNDED_BOARD.webp,assets/media/vector-artwork/mega/originals/V5_TRANSPORT_J16_ROUNDED_BOARD.png,fit-protocol-vector-v5.html fit-protocol-vectors.html
V5_TRANSPORT_J17_VECTOR_ARCHITECTURE.png,,J17,Vector architecture schematic,vector,individual card,V5,States B,portrait,light,937,1678,1738571,6f088ee94ddd190bd10624a9b33b3ae3cf029f5c5749e29877ae3cadd6ec7d85,assets/web/mega/V5_TRANSPORT_J17_VECTOR_ARCHITECTURE--w480.webp,assets/media/vector-artwork/mega/V5_TRANSPORT_J17_VECTOR_ARCHITECTURE.webp,assets/media/vector-artwork/mega/originals/V5_TRANSPORT_J17_VECTOR_ARCHITECTURE.png,fit-protocol-vector-v5.html fit-protocol-vectors.html
V6_PUMP_J03_CLINICAL_ANATOMY.png,,J03,Clinical anatomy poster,vector,individual card,V6,States C,portrait,light,941,1672,2044154,2a318b74de763ac134ee43752e4b2c114c79fb3a858777d3fbbef5d573af8115,assets/web/mega/V6_PUMP_J03_CLINICAL_ANATOMY--w480.webp,assets/media/vector-artwork/mega/V6_PUMP_J03_CLINICAL_ANATOMY.webp,assets/media/vector-artwork/mega/originals/V6_PUMP_J03_CLINICAL_ANATOMY.png,fit-protocol-vector-v6.html fit-protocol-vectors.html
V6_PUMP_J04_NEON_MATRIX.png,,J04,Neon recipe matrix,vector,individual card,V6,States C,portrait,dark,941,1672,1624123,127346f95318e45c8bb0afdc1f76dca0c30a7197014b7eb4e4579fcbed0aa9fb,assets/web/mega/V6_PUMP_J04_NEON_MATRIX--w480.webp,assets/media/vector-artwork/mega/V6_PUMP_J04_NEON_MATRIX.webp,assets/media/vector-artwork/mega/originals/V6_PUMP_J04_NEON_MATRIX.png,fit-protocol-vector-v6.html fit-protocol-vectors.html liquid-intake.html
V6_PUMP_J05_CINEMATIC_CONSOLE.png,,J05,Cinematic instrument console,vector,individual card,V6,States C,portrait,dark,941,1672,1852816,c89b3c872ed45bc52b01572dc99e917326ca0b270e055e448ef38b03f197f829,assets/web/mega/V6_PUMP_J05_CINEMATIC_CONSOLE--w480.webp,assets/media/vector-artwork/mega/V6_PUMP_J05_CINEMATIC_CONSOLE.webp,assets/media/vector-artwork/mega/originals/V6_PUMP_J05_CINEMATIC_CONSOLE.png,fit-protocol-vector-v6.html fit-protocol-vectors.html liquid-intake.html
V6_PUMP_J06_NEON_BLUEPRINT.png,,J06,Gym sequence blueprint,vector,individual card,V6,States C,portrait,dark,941,1672,1386405,cf9e340e2ccad6232125b07fc7a5cbb04165febbc2e70b1ec3a68758d9fce8e4,assets/web/mega/V6_PUMP_J06_NEON_BLUEPRINT--w480.webp,assets/media/vector-artwork/mega/V6_PUMP_J06_NEON_BLUEPRINT.webp,assets/media/vector-artwork/mega/originals/V6_PUMP_J06_NEON_BLUEPRINT.png,fit-protocol-fuel.html fit-protocol-vector-v6.html fit-protocol-vectors.html
V6_PUMP_J07_MONOCHROME_FLOW.png,,J07,Monochrome illustrated flow,vector,individual card,V6,States C,portrait,light,941,1672,1450859,a7418195ccd6cdfc77e51cb5a98f53e30c3349cf1bc26b323069a17e950e6e1f,assets/web/mega/V6_PUMP_J07_MONOCHROME_FLOW--w480.webp,assets/media/vector-artwork/mega/V6_PUMP_J07_MONOCHROME_FLOW.webp,assets/media/vector-artwork/mega/originals/V6_PUMP_J07_MONOCHROME_FLOW.png,fit-protocol-vector-v6.html fit-protocol-vectors.html liquid-intake.html
V6_PUMP_J08_ENGINEERING.png,,J08,Vertical engineering schematic,vector,individual card,V6,States C,portrait,light,941,1672,1486216,82addd46a2065c6ee529ec1863854da911fec64a69f6dc18ea158db10841400e,assets/web/mega/V6_PUMP_J08_ENGINEERING--w480.webp,assets/media/vector-artwork/mega/V6_PUMP_J08_ENGINEERING.webp,assets/media/vector-artwork/mega/originals/V6_PUMP_J08_ENGINEERING.png,fit-protocol-vector-v6.html fit-protocol-vectors.html
V6_PUMP_J10_DAILY_CONSOLE.png,,J10,Daily execution console,vector,individual card,V6,States C,portrait,dark,941,1672,1713146,e0607c981694b9ad1d76a4c475f01853388dbd9e5c93ac516469813f33886088,assets/web/mega/V6_PUMP_J10_DAILY_CONSOLE--w480.webp,assets/media/vector-artwork/mega/V6_PUMP_J10_DAILY_CONSOLE.webp,assets/media/vector-artwork/mega/originals/V6_PUMP_J10_DAILY_CONSOLE.png,fit-protocol-vector-v6.html fit-protocol-vectors.html
V6_PUMP_J11_BIOLOGY_BOARD.png,,J11,Scientific illustration board,vector,individual card,V6,States C,portrait,dark,941,1672,1937453,c353ded71f92b049db12276ad4065cab5c127e90336f6ba281dfb5c6142abce1,assets/web/mega/V6_PUMP_J11_BIOLOGY_BOARD--w480.webp,assets/media/vector-artwork/mega/V6_PUMP_J11_BIOLOGY_BOARD.webp,assets/media/vector-artwork/mega/originals/V6_PUMP_J11_BIOLOGY_BOARD.png,fit-protocol-vector-v6.html fit-protocol-vectors.html
V6_PUMP_J12_PRINT_RECIPE.png,,J12,Printed recipe plate,vector,individual card,V6,States C,portrait,light,940,1672,1717471,540dd6648d02a86b9af7f165a8faf98735b9b4a7ea07d705b59b9a6cbada3cde,assets/web/mega/V6_PUMP_J12_PRINT_RECIPE--w480.webp,assets/media/vector-artwork/mega/V6_PUMP_J12_PRINT_RECIPE.webp,assets/media/vector-artwork/mega/originals/V6_PUMP_J12_PRINT_RECIPE.png,fit-protocol-vector-v6.html fit-protocol-vectors.html liquid-intake.html
V6_PUMP_J16_ROUNDED_BOARD.png,,J16,Grid paper bottle sequence,vector,individual card,V6,States C,portrait,light,940,1672,1620936,e1c60627606af90d8d7fe2f6222ffadcfca13fe85be686194fb42b533da0b75b,assets/web/mega/V6_PUMP_J16_ROUNDED_BOARD--w480.webp,assets/media/vector-artwork/mega/V6_PUMP_J16_ROUNDED_BOARD.webp,assets/media/vector-artwork/mega/originals/V6_PUMP_J16_ROUNDED_BOARD.png,fit-protocol-vector-v6.html fit-protocol-vectors.html
V6_PUMP_J17_VECTOR_ARCHITECTURE.png,,J17,Vector architecture schematic,vector,individual card,V6,States C,portrait,light,941,1672,1724157,eb36ff0d94b25bd6c93eb035d3a379defcd3b704c078f6bedc2d786d50d4b3ea,assets/web/mega/V6_PUMP_J17_VECTOR_ARCHITECTURE--w480.webp,assets/media/vector-artwork/mega/V6_PUMP_J17_VECTOR_ARCHITECTURE.webp,assets/media/vector-artwork/mega/originals/V6_PUMP_J17_VECTOR_ARCHITECTURE.png,fit-protocol-vector-v6.html fit-protocol-vectors.html
V6_PUMP_J19_GYM_PANEL.png,,J19,White gym sequence blueprint,vector,individual card,V6,States C,portrait,light,941,1672,1543745,9d18544cc8d56c415557be8ccab6022c242c68be76a748abfd4ac8d5ca3d4392,assets/web/mega/V6_PUMP_J19_GYM_PANEL--w480.webp,assets/media/vector-artwork/mega/V6_PUMP_J19_GYM_PANEL.webp,assets/media/vector-artwork/mega/originals/V6_PUMP_J19_GYM_PANEL.png,fit-protocol-fuel.html fit-protocol-vector-v6.html fit-protocol-vectors.html
WAKE_PILLS_J10_DAILY_CONSOLE.png,,J10,Daily execution console,stage,individual card,WAKE,"States A, B, C",portrait,dark,941,1672,1628736,653b5e727dff276699ba4eb7c748aba729c26782be0aef5bbf1ede4892620bf1,assets/web/mega/WAKE_PILLS_J10_DAILY_CONSOLE--w480.webp,assets/media/vector-artwork/mega/WAKE_PILLS_J10_DAILY_CONSOLE.webp,assets/media/vector-artwork/mega/originals/WAKE_PILLS_J10_DAILY_CONSOLE.png,daily-pill-cards.html
WAKE_PILLS_J13_PILL_GRID.png,,J13,Pill grid illustration,stage,individual card,WAKE,"States A, B, C",portrait,light,941,1672,1627812,ea722609110352daa84088f150c6a06567ad7cb8beafd2fb765a308accd88a83,assets/web/mega/WAKE_PILLS_J13_PILL_GRID--w480.webp,assets/media/vector-artwork/mega/WAKE_PILLS_J13_PILL_GRID.webp,assets/media/vector-artwork/mega/originals/WAKE_PILLS_J13_PILL_GRID.png,daily-pill-cards.html
